
### ./datasets/lu980.tsp ###
[136496.0, 136496.0]
[149623.0, 149623.0]
[148998.0, 148998.0]
[137649.0, 137649.0]
[146774.0, 146774.0]
[144329.0, 144329.0]
[138209.0, 138209.0]
[150674.0, 150674.0]
[147368.0, 147368.0]
[144914.0, 144914.0]
[147989.0, 147989.0]
[147055.0, 147055.0]
[147775.0, 147775.0]
[145232.0, 145232.0]
[147063.0, 147063.0]
[146492.0, 146492.0]
[138378.0, 138378.0]
[149738.0, 149738.0]
[142293.0, 142293.0]
[146761.0, 146761.0]
[142773.0, 142773.0]

### ./datasets/lu980.tsp ###
[136496.0, 136496.0]

### ./datasets/lu980.tsp ###
[13436.0, 13436.0]

### ./datasets/lu980.tsp ###
[13436.0, 13436.0]

### ./datasets/lu980.tsp ###
[13436.0, 13436.0]
[14133.0, 14133.0]
[14269.0, 14269.0]
[13895.0, 13895.0]
[13760.0, 13760.0]
[14011.0, 14011.0]
[14358.0, 14358.0]
[13863.0, 13863.0]
[13803.0, 13803.0]
[13651.0, 13651.0]
[13839.0, 13839.0]
[13892.0, 13892.0]
[13749.0, 13749.0]
[13868.0, 13868.0]
[13974.0, 13974.0]
[14014.0, 14014.0]
[14249.0, 14249.0]
[13960.0, 13960.0]
[13877.0, 13877.0]
[13750.0, 13750.0]
[13860.0, 13860.0]
