GLS

### ./datasets/wi29.tsp ### GLS
[27603.0, 27603.0, 27603.0, 27603.0, 27603.0, 27603.0, 27603.0, 27603.0, 27603.0, 27603.0, 27603.0, 27603.0, 27603.0, 27603.0, 27603.0, 27603.0, 27603.0, 27603.0, 27603.0, 27603.0, 27603.0]

### ./datasets/dj38.tsp ### GLS
[6656.0, 6656.0, 6656.0, 6656.0, 6656.0, 6656.0, 6656.0, 6656.0, 6656.0, 6656.0, 6656.0, 6656.0, 6656.0, 6656.0, 6656.0, 6656.0, 6656.0, 6656.0, 6656.0, 6656.0, 6656.0]

### ./datasets/berlin52.tsp ### GLS
[7542.0, 7542.0, 7542.0, 7542.0, 7542.0, 7542.0, 7542.0, 7542.0, 7542.0, 7542.0, 7542.0, 7542.0, 7542.0, 7542.0, 7542.0, 7542.0, 7542.0, 7542.0, 7542.0, 7542.0, 7542.0]

### ./datasets/kroA100.tsp ### GLS
[21636.0, 21910.0, 22262.0, 21357.0, 22633.0, 21377.0, 22018.0, 21929.0, 21608.0, 21542.0, 21375.0, 21577.0, 21586.0, 21710.0, 21656.0, 21665.0, 21492.0, 21940.0, 21733.0, 21631.0, 21420.0]

### ./datasets/kroB150.tsp ### GLS
[26856.0, 28583.0, 27748.0, 28360.0, 27282.0, 26444.0, 26772.0, 27086.0, 26961.0, 27506.0, 27026.0, 28087.0, 27820.0, 26924.0, 27771.0, 27470.0, 26696.0, 27127.0, 27455.0, 27813.0, 27357.0]


FA

### ./datasets/wi29.tsp ### FA
[27750.0, 28779.0, 28191.0, 28827.0, 28502.0, 28044.0, 29656.0, 28044.0, 28737.0, 27603.0, 28779.0, 28508.0, 28779.0, 28472.0, 28779.0, 28463.0, 28191.0, 28803.0, 28523.0, 29260.0, 29260.0]
 
### ./datasets/dj38.tsp ### FA
[6656.0,6656.0,6660.0,6660.0,6656.0,6660.0,6660.0,7260.0,6656.0,6656.0,7166.0,6656.0,6656.0,6660.0,6657.0,7444.0,6660.0,6660.0,6656.0,6656.0,6660.0]

### ./datasets/berlin52.tsp ### FA
[8153.0,7738.0,8093.0,7657.0,8081.0,7678.0,7919.0,7965.0,8068.0,7542.0,8055.0,8146.0,8055.0,7848.0,7657.0,7865.0,7749.0,7663.0,8009.0,7992.0,7860.0]

### ./datasets/kroA100.tsp ### FA
[21997.0,21955.0,22623.0,22361.0,22317.0,23737.0,22657.0,22450.0,21693.0,23864.0,21782.0,23329.0,21651.0,22346.0,23328.0,22144.0,22246.0,23236.0,21636.0,22440.0,21881.0]

### ./datasets/kroB150.tsp ### FA
[28242.0,30998.0,29024.0,28652.0,29902.0,27756.0,28048.0,28878.0,28471.0,28664.0,27914.0,28184.0,29020.0,28648.0,27878.0,28933.0,28003.0,28562.0,29011.0,28194.0,28457.0]


HYBRID

### ./datasets/wi29.tsp ### HYBRID 
[28191.0, 27603.0, 27603.0, 27603.0, 27750.0, 28191.0, 27603.0, 27603.0, 27750.0, 28044.0, 28737.0, 28779.0, 27750.0, 28044.0, 27603.0, 27603.0, 27750.0, 28044.0, 27603.0, 27750.0, 27750.0]

### ./datasets/dj38.tsp ### HYBRID
[6656.0, 6656.0, 6660.0, 6656.0, 6660.0, 6656.0, 6656.0, 7078.0, 6656.0, 6656.0, 6656.0, 6656.0, 6656.0, 6660.0, 6656.0, 6656.0, 6656.0, 6656.0, 6656.0, 6656.0, 6656.0] 

### ./datasets/berlin52.tsp ### HYBRID
[7542.0, 7542.0, 7542.0, 7542.0, 7542.0, 7542.0, 7542.0, 7542.0, 7542.0, 7542.0, 7542.0, 7542.0, 7542.0, 7542.0, 7542.0, 7542.0, 7542.0, 7542.0, 7542.0, 7542.0, 7542.0]

### ./datasets/kroA100.tsp ### HYBRID
[21370.0, 21618.0, 21482.0, 21431.0, 21364.0, 21679.0, 21393.0, 21512.0, 21883.0, 21481.0, 21551.0, 21816.0, 21631.0, 21705.0, 21618.0, 21489.0, 21524.0, 21484.0, 21530.0, 21516.0, 21821.0] 

### ./datasets/kroB150.tsp ### HYBRID
[27376.0, 27306.0, 26527.0, 28211.0, 27289.0, 27032.0, 27270.0, 27481.0, 28432.0, 27395.0, 27672.0, 27450.0, 27136.0, 27496.0, 26842.0, 27108.0, 27233.0, 27268.0, 26973.0, 27246.0, 27485.0]
