### ./datasets/wi29.tsp ###
[27750.0, 27750.0, 27750.0, 27750.0] - 27750.0
[28779.0, 28779.0, 28779.0, 28779.0] - 28779.0
[28191.0, 28191.0, 28191.0, 28191.0] - 28191.0
[28827.0, 28827.0, 28827.0, 28827.0] - 28827.0
[28502.0, 28502.0, 28502.0, 28502.0] - 28502.0
[28044.0, 28044.0, 28044.0, 28044.0] - 28044.0
[29656.0, 29656.0, 29656.0, 29656.0] - 29656.0
[28044.0, 28044.0, 28044.0, 28044.0] - 28044.0
[28737.0, 28737.0, 28737.0, 28737.0] - 28737.0
[27603.0, 27603.0, 27603.0, 27603.0] - 27603.0
[28779.0, 28779.0, 28779.0, 28779.0] - 28779.0
[28508.0, 28508.0, 28508.0, 28508.0] - 28508.0
[28779.0, 28779.0, 28779.0, 28779.0] - 28779.0
[28472.0, 28472.0, 28472.0, 28472.0] - 28472.0
[28779.0, 28779.0, 28779.0, 28779.0] - 28779.0
[28463.0, 28463.0, 28463.0, 28463.0] - 28463.0
[28191.0, 28191.0, 28191.0, 28191.0] - 28191.0
[28803.0, 28803.0, 28803.0, 28803.0] - 28803.0
[28523.0, 28523.0, 28523.0, 28523.0] - 28523.0
[29260.0, 29260.0, 29260.0, 29260.0] - 29260.0
[29260.0, 29260.0, 29260.0, 29260.0] - 29260.0

### ./datasets/dj38.tsp ###
[6656.0, 6656.0, 6656.0, 6656.0] - 6656.0
[6656.0, 6656.0, 6656.0, 6656.0] - 6656.0
[6660.0, 6660.0, 6660.0, 6660.0] - 6660.0
[6660.0, 6660.0, 6660.0, 6660.0] - 6660.0
[6656.0, 6656.0, 6656.0, 6656.0] - 6656.0
[6660.0, 6660.0, 6660.0, 6660.0] - 6660.0
[6660.0, 6660.0, 6660.0, 6660.0] - 6660.0
[7260.0, 7260.0, 7260.0, 7260.0] - 7260.0
[6656.0, 6656.0, 6656.0, 6656.0] - 6656.0
[6656.0, 6656.0, 6656.0, 6656.0] - 6656.0
[7166.0, 7166.0, 7166.0, 7166.0] - 7166.0
[6656.0, 6656.0, 6656.0, 6656.0] - 6656.0
[6656.0, 6656.0, 6656.0, 6656.0] - 6656.0
[6660.0, 6660.0, 6660.0, 6660.0] - 6660.0
[6657.0, 6657.0, 6657.0, 6657.0] - 6657.0
[7444.0, 7444.0, 7444.0, 7444.0] - 7444.0
[6660.0, 6660.0, 6660.0, 6660.0] - 6660.0
[6660.0, 6660.0, 6660.0, 6660.0] - 6660.0
[6656.0, 6656.0, 6656.0, 6656.0] - 6656.0
[6656.0, 6656.0, 6656.0, 6656.0] - 6656.0
[6660.0, 6660.0, 6660.0, 6660.0] - 6660.0

### ./datasets/berlin52.tsp ###
[8153.0, 8153.0, 8153.0, 8153.0] - 8153.0
[7738.0, 7738.0, 7738.0, 7738.0] - 7738.0
[8093.0, 8093.0, 8093.0, 8093.0] - 8093.0
[7657.0, 7657.0, 7657.0, 7657.0] - 7657.0
[8081.0, 8081.0, 8081.0, 8081.0] - 8081.0
[7678.0, 7678.0, 7678.0, 7678.0] - 7678.0
[7919.0, 7919.0, 7919.0, 7919.0] - 7919.0
[7965.0, 7965.0, 7965.0, 7965.0] - 7965.0
[8068.0, 8068.0, 8068.0, 8068.0] - 8068.0
[7542.0, 7542.0, 7542.0, 7542.0] - 7542.0
[8055.0, 8055.0, 8055.0, 8055.0] - 8055.0
[8146.0, 8146.0, 8146.0, 8146.0] - 8146.0
[8055.0, 8055.0, 8055.0, 8055.0] - 8055.0
[7848.0, 7848.0, 7848.0, 7848.0] - 7848.0
[7657.0, 7657.0, 7657.0, 7657.0] - 7657.0
[7865.0, 7865.0, 7865.0, 7865.0] - 7865.0
[7749.0, 7749.0, 7749.0, 7749.0] - 7749.0
[7663.0, 7663.0, 7663.0, 7663.0] - 7663.0
[8009.0, 8009.0, 8009.0, 8009.0] - 8009.0
[7992.0, 7992.0, 7992.0, 7992.0] - 7992.0
[7860.0, 7860.0, 7860.0, 7860.0] - 7860.0

### ./datasets/kroA100.tsp ###
[21997.0, 21997.0, 21997.0, 21997.0] - 21997.0
[21955.0, 21955.0, 21955.0, 21955.0] - 21955.0
[22623.0, 22623.0, 22623.0, 22623.0] - 22623.0
[22361.0, 22361.0, 22361.0, 22361.0] - 22361.0
[22317.0, 22317.0, 22317.0, 22317.0] - 22317.0
[23737.0, 23737.0, 23737.0, 23737.0] - 23737.0
[22657.0, 22657.0, 22657.0, 22657.0] - 22657.0
[22450.0, 22450.0, 22450.0, 22450.0] - 22450.0
[21693.0, 21693.0, 21693.0, 21693.0] - 21693.0
[23864.0, 23864.0, 23864.0, 23864.0] - 23864.0
[21782.0, 21782.0, 21782.0, 21782.0] - 21782.0
[23329.0, 23329.0, 23329.0, 23329.0] - 23329.0
[21651.0, 21651.0, 21651.0, 21651.0] - 21651.0
[22346.0, 22346.0, 22346.0, 22346.0] - 22346.0
[23328.0, 23328.0, 23328.0, 23328.0] - 23328.0
[22144.0, 22144.0, 22144.0, 22144.0] - 22144.0
[22246.0, 22246.0, 22246.0, 22246.0] - 22246.0
[23236.0, 23236.0, 23236.0, 23236.0] - 23236.0
[21636.0, 21636.0, 21636.0, 21636.0] - 21636.0
[22440.0, 22440.0, 22440.0, 22440.0] - 22440.0
[21881.0, 21881.0, 21881.0, 21881.0] - 21881.0

### ./datasets/kroB150.tsp ###
[28242.0, 28242.0, 28242.0, 28242.0] - 28242.0
[30998.0, 31019.0, 31026.0, 31045.0] - 30998.0
[29024.0, 29024.0, 29024.0, 29024.0] - 29024.0
[28652.0, 28652.0, 28652.0, 28656.0] - 28652.0
[29902.0, 29958.0, 30022.0, 30022.0] - 29902.0
[27756.0, 27756.0, 27756.0, 27756.0] - 27756.0
[28048.0, 28048.0, 28056.0, 28060.0] - 28048.0
[28878.0, 28878.0, 28878.0, 28878.0] - 28878.0
[28471.0, 28479.0, 28479.0, 28479.0] - 28471.0
[28664.0, 28771.0, 28785.0, 28785.0] - 28664.0
[27914.0, 27975.0, 27975.0, 28060.0] - 27914.0
[28184.0, 28184.0, 28200.0, 28237.0] - 28184.0
[29020.0, 29020.0, 29020.0, 29049.0] - 29020.0
[28648.0, 28648.0, 28648.0, 28648.0] - 28648.0
[27878.0, 27878.0, 28038.0, 28038.0] - 27878.0
[28933.0, 28933.0, 28933.0, 28960.0] - 28933.0
[28003.0, 28003.0, 28003.0, 28003.0] - 28003.0
[28562.0, 28640.0, 28640.0, 28640.0] - 28562.0
[29011.0, 29209.0, 29209.0, 29209.0] - 29011.0
[28194.0, 28224.0, 28224.0, 28224.0] - 28194.0
[28457.0, 28457.0, 28457.0, 28457.0] - 28457.0
