
### ./datasets/wi29.tsp ###
[28509.0, 28509.0, 28509.0]
[28509.0, 28509.0, 28509.0]
[28509.0, 28509.0, 28509.0]
[28509.0, 28509.0, 28509.0]
[28509.0, 28509.0, 28509.0]
[28509.0, 28509.0, 28509.0]
[28509.0, 28509.0, 28509.0]
[28509.0, 28509.0, 28509.0]
[28509.0, 28509.0, 28509.0]
[28509.0, 28509.0, 28509.0]
[28509.0, 28509.0, 28509.0]
[28509.0, 28509.0, 28509.0]
[28509.0, 28509.0, 28509.0]
[28509.0, 28509.0, 28509.0]
[28509.0, 28509.0, 28509.0]
[28509.0, 28509.0, 28509.0]
[28509.0, 28509.0, 28509.0]
[28509.0, 28509.0, 28509.0]
[28509.0, 28509.0, 28509.0]
[28509.0, 28509.0, 28509.0]
[28509.0, 28509.0, 28509.0]

### ./datasets/wi29.tsp ###
[27603.0, 27603.0, 27603.0, 27603.0, 27603.0]
[27603.0, 27603.0, 27603.0, 27603.0, 27603.0]
[27603.0, 27603.0, 27603.0, 27603.0, 27603.0]
[27603.0, 27603.0, 27603.0, 27603.0, 27603.0]
[27603.0, 27603.0, 27603.0, 27603.0, 27603.0]
[27603.0, 27603.0, 27603.0, 27603.0, 27603.0]
[27603.0, 27603.0, 27603.0, 27603.0, 27603.0]
[27603.0, 27603.0, 27603.0, 27603.0, 27603.0]
[27603.0, 27603.0, 27603.0, 27603.0, 27603.0]
[27603.0, 27603.0, 27603.0, 27603.0, 27603.0]
[27603.0, 27603.0, 27603.0, 27603.0, 27603.0]
[27603.0, 27603.0, 27603.0, 27603.0, 27603.0]
[27603.0, 27603.0, 27603.0, 27603.0, 27603.0]
[27603.0, 27603.0, 27603.0, 27603.0, 27603.0]
[27603.0, 27603.0, 27603.0, 27603.0, 27603.0]
[27603.0, 27603.0, 27603.0, 27603.0, 27603.0]
[27603.0, 27603.0, 27603.0, 27603.0, 27603.0]
[27603.0, 27603.0, 27603.0, 27603.0, 27603.0]
[27603.0, 27603.0, 27603.0, 27603.0, 27603.0]
[27603.0, 27603.0, 27603.0, 27603.0, 27603.0]
[27603.0, 27603.0, 27603.0, 27603.0, 27603.0]

### ./datasets/dj38.tsp ###
[6891.0, 6891.0, 6891.0, 6891.0, 6891.0]
[6891.0, 6891.0, 6891.0, 6891.0, 6891.0]
[6891.0, 6891.0, 6891.0, 6891.0, 6891.0]
[6891.0, 6891.0, 6891.0, 6891.0, 6891.0]
[6891.0, 6891.0, 6891.0, 6891.0, 6891.0]
[6891.0, 6891.0, 6891.0, 6891.0, 6891.0]
[6891.0, 6891.0, 6891.0, 6891.0, 6891.0]
[6891.0, 6891.0, 6891.0, 6891.0, 6891.0]
[6891.0, 6891.0, 6891.0, 6891.0, 6891.0]
[6891.0, 6891.0, 6891.0, 6891.0, 6891.0]
[6891.0, 6891.0, 6891.0, 6891.0, 6891.0]
[6891.0, 6891.0, 6891.0, 6891.0, 6891.0]
[6891.0, 6891.0, 6891.0, 6891.0, 6891.0]
[6891.0, 6891.0, 6891.0, 6891.0, 6891.0]
[6891.0, 6891.0, 6891.0, 6891.0, 6891.0]
[6891.0, 6891.0, 6891.0, 6891.0, 6891.0]
[6891.0, 6891.0, 6891.0, 6891.0, 6891.0]
[6891.0, 6891.0, 6891.0, 6891.0, 6891.0]
[6891.0, 6891.0, 6891.0, 6891.0, 6891.0]
[6891.0, 6891.0, 6891.0, 6891.0, 6891.0]
[6891.0, 6891.0, 6891.0, 6891.0, 6891.0]

### ./datasets/qa194.tsp ###
[19864.0, 19893.0, 19895.0, 19907.0, 19915.0]
[19864.0, 19893.0, 19895.0, 19907.0, 19915.0]
[19864.0, 19893.0, 19895.0, 19907.0, 19915.0]
[19864.0, 19893.0, 19895.0, 19907.0, 19915.0]
[19864.0, 19893.0, 19895.0, 19907.0, 19915.0]
[19864.0, 19893.0, 19895.0, 19907.0, 19915.0]
[19864.0, 19893.0, 19895.0, 19907.0, 19915.0]
[19864.0, 19893.0, 19895.0, 19907.0, 19915.0]
[19864.0, 19893.0, 19895.0, 19907.0, 19915.0]
[19864.0, 19893.0, 19895.0, 19907.0, 19915.0]
[19864.0, 19893.0, 19895.0, 19907.0, 19915.0]
[19864.0, 19893.0, 19895.0, 19907.0, 19915.0]
[19864.0, 19893.0, 19895.0, 19907.0, 19915.0]
[19864.0, 19893.0, 19895.0, 19907.0, 19915.0]
[19864.0, 19893.0, 19895.0, 19907.0, 19915.0]
[19864.0, 19893.0, 19895.0, 19907.0, 19915.0]
[19864.0, 19893.0, 19895.0, 19907.0, 19915.0]
[19864.0, 19893.0, 19895.0, 19907.0, 19915.0]
[19864.0, 19893.0, 19895.0, 19907.0, 19915.0]
[19864.0, 19893.0, 19895.0, 19907.0, 19915.0]
[19864.0, 19893.0, 19895.0, 19907.0, 19915.0]

### ./datasets/qa194.tsp ###
[19437.0, 19437.0, 19539.0, 19540.0, 19548.0]
[20286.0, 20306.0, 20307.0, 20317.0, 20318.0]
[19864.0, 19893.0, 19895.0, 19907.0, 19915.0]
[18351.0, 18357.0, 18358.0, 18358.0, 18368.0]
[20003.0, 20005.0, 20006.0, 20010.0, 20017.0]
[19703.0, 19709.0, 19711.0, 19719.0, 19719.0]
[19050.0, 19064.0, 19073.0, 19130.0, 19133.0]
[20214.0, 20306.0, 20306.0, 20306.0, 20358.0]
[19264.0, 19365.0, 19375.0, 19400.0, 19400.0]
[20127.0, 20140.0, 20145.0, 20145.0, 20172.0]
[19558.0, 19558.0, 19610.0, 19626.0, 19642.0]
[19428.0, 19428.0, 19428.0, 19436.0, 19436.0]
[19429.0, 19444.0, 19446.0, 19449.0, 19461.0]
[20347.0, 20359.0, 20360.0, 20374.0, 20376.0]
[19485.0, 19510.0, 19511.0, 19516.0, 19517.0]
[19367.0, 19380.0, 19381.0, 19384.0, 19390.0]
[19793.0, 19793.0, 19802.0, 19805.0, 19807.0]
[19708.0, 19731.0, 19782.0, 19821.0, 19835.0]
[21050.0, 21111.0, 21117.0, 21119.0, 21119.0]
[20282.0, 20295.0, 20298.0, 20301.0, 20305.0]
[20435.0, 20443.0, 20489.0, 20490.0, 20490.0]

### ./datasets/qa194.tsp ###

### ./datasets/qa194.tsp ###
[19437.0, 19437.0, 19539.0, 19540.0, 19548.0] - 19437.0

### ./datasets/qa194.tsp ###
[19437.0, 19437.0, 19539.0, 19540.0, 19548.0] - 19437.0
[20286.0, 20306.0, 20307.0, 20317.0, 20318.0] - 20286.0
[19864.0, 19893.0, 19895.0, 19907.0, 19915.0] - 19864.0
[18351.0, 18357.0, 18358.0, 18358.0, 18368.0] - 18351.0 a
[20003.0, 20005.0, 20006.0, 20010.0, 20017.0] - 20003.0
[19703.0, 19709.0, 19711.0, 19719.0, 19719.0] - 19703.0
[19050.0, 19064.0, 19073.0, 19130.0, 19133.0] - 19050.0
[20214.0, 20306.0, 20306.0, 20306.0, 20358.0] - 20214.0
[19264.0, 19365.0, 19375.0, 19400.0, 19400.0] - 19264.0
[20127.0, 20140.0, 20145.0, 20145.0, 20172.0] - 20127.0
[19558.0, 19558.0, 19610.0, 19626.0, 19642.0] - 19558.0
[19428.0, 19428.0, 19428.0, 19436.0, 19436.0] - 19428.0
[19429.0, 19444.0, 19446.0, 19449.0, 19461.0] - 19429.0
[20347.0, 20359.0, 20360.0, 20374.0, 20376.0] - 20347.0
[19485.0, 19510.0, 19511.0, 19516.0, 19517.0] - 19485.0
[19367.0, 19380.0, 19381.0, 19384.0, 19390.0] - 19367.0
[19793.0, 19793.0, 19802.0, 19805.0, 19807.0] - 19793.0
[19708.0, 19731.0, 19782.0, 19821.0, 19835.0] - 19708.0
[21050.0, 21111.0, 21117.0, 21119.0, 21119.0] - 21050.0
[20282.0, 20295.0, 20298.0, 20301.0, 20305.0] - 20282.0
[20435.0, 20443.0, 20489.0, 20490.0, 20490.0] - 20435.0

### ./datasets/uy734.tsp ###
[573624.0, 574147.0, 574400.0, 574445.0, 574535.0] - 573624.0
[580092.0, 580139.0, 580278.0, 580395.0, 580575.0] - 580092.0
[583095.0, 583095.0, 583224.0, 583250.0, 583647.0] - 583095.0
[581401.0, 581448.0, 581706.0, 581710.0, 581713.0] - 581401.0
[576154.0, 576929.0, 577009.0, 577106.0, 577107.0] - 576154.0
[605115.0, 605164.0, 605177.0, 605186.0, 605321.0] - 605115.0
[598172.0, 598227.0, 598432.0, 598562.0, 598644.0] - 598172.0
[575553.0, 575801.0, 576305.0, 576570.0, 576571.0] - 575553.0
[602650.0, 602671.0, 602764.0, 604382.0, 604401.0] - 602650.0
[591847.0, 592047.0, 592201.0, 592353.0, 592375.0] - 591847.0
[579973.0, 580198.0, 580482.0, 580529.0, 580552.0] - 579973.0
[575473.0, 575720.0, 575911.0, 575996.0, 576470.0] - 575473.0
[579640.0, 579940.0, 580091.0, 580227.0, 580339.0] - 579640.0
[597620.0, 597986.0, 598055.0, 598162.0, 598204.0] - 597620.0
[567302.0, 567547.0, 567584.0, 567702.0, 567732.0] - 567302.0
[605434.0, 605595.0, 605684.0, 605816.0, 605867.0] - 605434.0
[581524.0, 581841.0, 582055.0, 582077.0, 582264.0] - 581524.0
[587569.0, 587699.0, 587699.0, 587721.0, 587999.0] - 587569.0
[586425.0, 586511.0, 586534.0, 588209.0, 588457.0] - 586425.0
[585997.0, 586422.0, 586456.0, 586578.0, 587046.0] - 585997.0
[571924.0, 572199.0, 572242.0, 572269.0, 572490.0] - 571924.0 a
