
### ./datasets/wi29.tsp ###
[28231.0, 28231.0, 28231.0, 28231.0, 28231.0] - 28231.0
[28022.0, 28022.0, 28022.0, 28022.0, 28022.0] - 28022.0
[27750.0, 27750.0, 27750.0, 27750.0, 27750.0] - 27750.0
[29009.0, 29009.0, 29009.0, 29009.0, 29009.0] - 29009.0
[28703.0, 28703.0, 28703.0, 28703.0, 28703.0] - 28703.0
[27603.0, 27603.0, 27603.0, 27603.0, 27603.0] - 27603.0
[28084.0, 28084.0, 28084.0, 28084.0, 28084.0] - 28084.0
[27603.0, 27603.0, 27603.0, 27603.0, 27603.0] - 27603.0
[29009.0, 29009.0, 29009.0, 29009.0, 29009.0] - 29009.0
[28463.0, 28463.0, 28463.0, 28463.0, 28463.0] - 28463.0
[27750.0, 27750.0, 27750.0, 27750.0, 27750.0] - 27750.0
[27750.0, 27750.0, 27750.0, 27750.0, 27750.0] - 27750.0
[28191.0, 28191.0, 28191.0, 28191.0, 28191.0] - 28191.0
[27603.0, 27603.0, 27603.0, 27603.0, 27603.0] - 27603.0
[28044.0, 28044.0, 28044.0, 28044.0, 28044.0] - 28044.0
[27750.0, 27750.0, 27750.0, 27750.0, 27750.0] - 27750.0
[28044.0, 28044.0, 28044.0, 28044.0, 28044.0] - 28044.0
[28044.0, 28044.0, 28044.0, 28044.0, 28044.0] - 28044.0
[27603.0, 27603.0, 27603.0, 27603.0, 27603.0] - 27603.0
[27603.0, 27603.0, 27603.0, 27603.0, 27603.0] - 27603.0
[28084.0, 28084.0, 28084.0, 28084.0, 28084.0] - 28084.0

### ./datasets/dj38.tsp ###
[6656.0, 6656.0, 6656.0, 6656.0, 6656.0] - 6656.0
[6656.0, 6656.0, 6656.0, 6656.0, 6656.0] - 6656.0
[6808.0, 6808.0, 6808.0, 6808.0, 6808.0] - 6808.0
[6656.0, 6656.0, 6656.0, 6656.0, 6656.0] - 6656.0
[6660.0, 6660.0, 6660.0, 6660.0, 6660.0] - 6660.0
[7075.0, 7075.0, 7075.0, 7075.0, 7075.0] - 7075.0
[6656.0, 6656.0, 6656.0, 6656.0, 6656.0] - 6656.0
[6656.0, 6656.0, 6656.0, 6656.0, 6656.0] - 6656.0
[6656.0, 6656.0, 6656.0, 6656.0, 6656.0] - 6656.0
[6808.0, 6808.0, 6808.0, 6808.0, 6808.0] - 6808.0
[6808.0, 6808.0, 6808.0, 6808.0, 6808.0] - 6808.0
[7479.0, 7479.0, 7479.0, 7479.0, 7479.0] - 7479.0
[6656.0, 6656.0, 6656.0, 6656.0, 6656.0] - 6656.0
[6891.0, 6891.0, 6891.0, 6891.0, 6891.0] - 6891.0
[6660.0, 6660.0, 6660.0, 6660.0, 6660.0] - 6660.0
[6656.0, 6656.0, 6656.0, 6656.0, 6656.0] - 6656.0
[6656.0, 6656.0, 6656.0, 6656.0, 6656.0] - 6656.0
[7572.0, 7572.0, 7572.0, 7572.0, 7572.0] - 7572.0
[6808.0, 6808.0, 6808.0, 6808.0, 6808.0] - 6808.0
[7231.0, 7231.0, 7231.0, 7231.0, 7231.0] - 7231.0
[6808.0, 6808.0, 6808.0, 6808.0, 6808.0] - 6808.0

### ./datasets/uy734.tsp ###
[419721.0, 419955.0, 420843.0, 420865.0, 420875.0] - 419721.0
[415868.0, 415985.0, 416038.0, 416201.0, 416398.0] - 415868.0
[414004.0, 414040.0, 414098.0, 414098.0, 414152.0] - 414004.0
[424540.0, 424655.0, 424738.0, 424738.0, 424798.0] - 424540.0
[425884.0, 426168.0, 426340.0, 426396.0, 426536.0] - 425884.0
[416613.0, 416680.0, 416803.0, 416823.0, 416962.0] - 416613.0
[410044.0, 410242.0, 410249.0, 410505.0, 410683.0] - 410044.0
[410945.0, 411052.0, 411097.0, 411110.0, 411186.0] - 410945.0
[430465.0, 430974.0, 431039.0, 431258.0, 431421.0] - 430465.0
[424861.0, 424992.0, 425172.0, 425415.0, 425417.0] - 424861.0
[421227.0, 421294.0, 421449.0, 421515.0, 421609.0] - 421227.0
[423920.0, 424020.0, 424025.0, 424036.0, 424110.0] - 423920.0
[418111.0, 418590.0, 418703.0, 418729.0, 418742.0] - 418111.0
[418742.0, 419080.0, 419126.0, 419351.0, 419357.0] - 418742.0
[430512.0, 431006.0, 431147.0, 431223.0, 431284.0] - 430512.0
[427486.0, 427647.0, 428109.0, 428162.0, 428351.0] - 427486.0
[420532.0, 420789.0, 420883.0, 420915.0, 420931.0] - 420532.0
[415339.0, 415366.0, 415432.0, 415449.0, 415581.0] - 415339.0
[409594.0, 410258.0, 410340.0, 410413.0, 410549.0] - 409594.0
[415350.0, 415467.0, 415618.0, 415653.0, 415684.0] - 415350.0
[422088.0, 422144.0, 422220.0, 422266.0, 422270.0] - 422088.0

### ./datasets/zi929.tsp ###
[541208.0, 541394.0, 541415.0, 541490.0, 541495.0] - 541208.0
[570708.0, 570717.0, 570733.0, 570928.0, 570948.0] - 570708.0
[549555.0, 550246.0, 550287.0, 551235.0, 551396.0] - 549555.0
[551339.0, 551369.0, 551506.0, 551514.0, 551526.0] - 551339.0
[552056.0, 552280.0, 552293.0, 552318.0, 552327.0] - 552056.0
[564386.0, 564401.0, 564656.0, 564656.0, 564745.0] - 564386.0
[568971.0, 568976.0, 568996.0, 569051.0, 569056.0] - 568971.0
[551335.0, 552324.0, 552385.0, 552389.0, 552458.0] - 551335.0
[560740.0, 561019.0, 561040.0, 561055.0, 561117.0] - 560740.0
[554133.0, 554423.0, 554819.0, 554821.0, 554836.0] - 554133.0
[539171.0, 539249.0, 539371.0, 539484.0, 539498.0] - 539171.0
[565602.0, 565710.0, 565713.0, 565722.0, 565728.0] - 565602.0
[552083.0, 552303.0, 552969.0, 552969.0, 553036.0] - 552083.0
[556803.0, 556849.0, 556881.0, 556882.0, 556903.0] - 556803.0
[560884.0, 562725.0, 562777.0, 562842.0, 562883.0] - 560884.0
[550923.0, 550956.0, 551040.0, 551782.0, 551802.0] - 550923.0
[545661.0, 545872.0, 545892.0, 545985.0, 546025.0] - 545661.0
[542009.0, 542043.0, 542086.0, 542126.0, 542149.0] - 542009.0
[543420.0, 543464.0, 543464.0, 543516.0, 543596.0] - 543420.0
[557359.0, 557449.0, 557454.0, 557534.0, 557601.0] - 557359.0
[561437.0, 561536.0, 561556.0, 561622.0, 561637.0] - 561437.0

### ./datasets/lu980.tsp ###
[86940.0, 86985.0, 86991.0, 86992.0, 87003.0] - 86940.0
[87402.0, 87440.0, 87490.0, 87497.0, 87501.0] - 87402.0
[87714.0, 87773.0, 87826.0, 87923.0, 87924.0] - 87714.0
[86982.0, 87004.0, 87092.0, 87099.0, 87109.0] - 86982.0
[90453.0, 90580.0, 90587.0, 90596.0, 90619.0] - 90453.0
[87475.0, 87506.0, 87519.0, 87519.0, 87533.0] - 87475.0
[86984.0, 87078.0, 87119.0, 87121.0, 87121.0] - 86984.0
[86772.0, 86852.0, 86883.0, 86890.0, 86894.0] - 86772.0
[89366.0, 89387.0, 89393.0, 89407.0, 89409.0] - 89366.0
[88523.0, 88533.0, 88556.0, 88588.0, 88599.0] - 88523.0
[87490.0, 87504.0, 87514.0, 87530.0, 87596.0] - 87490.0
[88229.0, 88268.0, 88316.0, 88324.0, 88358.0] - 88229.0
[88276.0, 88296.0, 88304.0, 88328.0, 88352.0] - 88276.0
[88877.0, 88885.0, 88892.0, 88897.0, 88905.0] - 88877.0
[87349.0, 87372.0, 87380.0, 87429.0, 87440.0] - 87349.0
[90893.0, 90900.0, 90917.0, 90946.0, 90953.0] - 90893.0
[87730.0, 87794.0, 87828.0, 87829.0, 87835.0] - 87730.0
[88551.0, 88554.0, 88568.0, 88573.0, 88596.0] - 88551.0
[87983.0, 88019.0, 88063.0, 88128.0, 88133.0] - 87983.0
[88029.0, 88029.0, 88031.0, 88059.0, 88101.0] - 88029.0
[88845.0, 88933.0, 88943.0, 88944.0, 88946.0] - 88845.0
