
### ./datasets/wi29.tsp ###
[28191.0, 28191.0, 28191.0] - 28191.0
[28044.0, 28044.0, 28044.0] - 28044.0
[29320.0, 29320.0, 29320.0] - 29320.0
[28463.0, 28463.0, 28463.0] - 28463.0
[28779.0, 28779.0, 28779.0] - 28779.0
[28191.0, 28191.0, 28191.0] - 28191.0
[28779.0, 28779.0, 28779.0] - 28779.0
[28044.0, 28044.0, 28044.0] - 28044.0
[27750.0, 27750.0, 27750.0] - 27750.0
[27750.0, 27750.0, 27750.0] - 27750.0
[28855.0, 28855.0, 28855.0] - 28855.0
[28044.0, 28044.0, 28044.0] - 28044.0
[29260.0, 29260.0, 29260.0] - 29260.0
[28600.0, 28906.0, 28906.0] - 28600.0
[29009.0, 29009.0, 29009.0] - 29009.0
[28044.0, 28044.0, 28044.0] - 28044.0
[29018.0, 29018.0, 29018.0] - 29018.0
[29260.0, 29260.0, 29260.0] - 29260.0
[28523.0, 28523.0, 28523.0] - 28523.0
[29260.0, 29260.0, 29260.0] - 29260.0
[27603.0, 27603.0, 27603.0] - 27603.0

### ./datasets/dj38.tsp ###
[6656.0, 6656.0, 6656.0] - 6656.0
[6656.0, 6656.0, 6656.0] - 6656.0
[6656.0, 6656.0, 6656.0] - 6656.0
[6656.0, 6656.0, 6656.0] - 6656.0
[6656.0, 6656.0, 6656.0] - 6656.0
[6656.0, 6656.0, 6656.0] - 6656.0
[6660.0, 6660.0, 6660.0] - 6660.0
[6891.0, 6891.0, 6891.0] - 6891.0
[6707.0, 6707.0, 6707.0] - 6707.0
[6660.0, 6660.0, 6660.0] - 6660.0
[6656.0, 6656.0, 6656.0] - 6656.0
[6660.0, 6660.0, 6660.0] - 6660.0
[6656.0, 6656.0, 6656.0] - 6656.0
[6660.0, 6660.0, 6660.0] - 6660.0
[6656.0, 6656.0, 6656.0] - 6656.0
[7247.0, 7247.0, 7247.0] - 7247.0
[7130.0, 7130.0, 7130.0] - 7130.0
[7237.0, 7237.0, 7237.0] - 7237.0
[6656.0, 6656.0, 6656.0] - 6656.0
[6656.0, 6656.0, 6656.0] - 6656.0
[6656.0, 6656.0, 6656.0] - 6656.0

### ./datasets/uy734.tsp ###
[96745.0, 96746.0, 96746.0] - 96745.0
[97174.0, 97174.0, 97174.0] - 97174.0
[97741.0, 97780.0, 97784.0] - 97741.0
[96076.0, 96150.0, 96150.0] - 96076.0
[98651.0, 98651.0, 98654.0] - 98651.0
[95424.0, 95424.0, 95424.0] - 95424.0
[96129.0, 96137.0, 96137.0] - 96129.0
[95301.0, 95325.0, 95379.0] - 95301.0
[95826.0, 95852.0, 95859.0] - 95826.0
[98695.0, 98695.0, 98697.0] - 98695.0
[95455.0, 95513.0, 95581.0] - 95455.0
[96821.0, 96821.0, 96821.0] - 96821.0
[97027.0, 97045.0, 97053.0] - 97027.0
[96194.0, 96194.0, 96194.0] - 96194.0
[98462.0, 98528.0, 98560.0] - 98462.0
[98440.0, 98446.0, 98461.0] - 98440.0
[96360.0, 96360.0, 96360.0] - 96360.0
[95573.0, 95647.0, 95647.0] - 95573.0
[98163.0, 98246.0, 98246.0] - 98163.0
[97835.0, 97849.0, 97866.0] - 97835.0
[96715.0, 96715.0, 96752.0] - 96715.0

### ./datasets/zi929.tsp ###
[113552.0, 113610.0, 113613.0] - 113552.0
[115015.0, 115015.0, 115015.0] - 115015.0
[112829.0, 112840.0, 112845.0] - 112829.0
[113825.0, 113852.0, 113865.0] - 113825.0
[114051.0, 114051.0, 114066.0] - 114051.0
[112182.0, 112195.0, 112195.0] - 112182.0
[116861.0, 116873.0, 116874.0] - 116861.0
[113525.0, 113579.0, 113608.0] - 113525.0
[113780.0, 113780.0, 113780.0] - 113780.0
[113609.0, 113611.0, 113613.0] - 113609.0
[113579.0, 113582.0, 113582.0] - 113579.0
[113415.0, 113461.0, 113464.0] - 113415.0
[116607.0, 116630.0, 116641.0] - 116607.0
[114918.0, 114928.0, 114948.0] - 114918.0
[109940.0, 109953.0, 109954.0] - 109940.0
[113880.0, 113904.0, 113904.0] - 113880.0
[111821.0, 111821.0, 111821.0] - 111821.0
[113862.0, 113984.0, 113993.0] - 113862.0
[113604.0, 113623.0, 113623.0] - 113604.0
[119206.0, 119206.0, 119215.0] - 119206.0
[111031.0, 111035.0, 111035.0] - 111031.0

### ./datasets/lu980.tsp ###
[13396.0, 13402.0, 13402.0] - 13396.0
[13635.0, 13650.0, 13650.0] - 13635.0
[14107.0, 14111.0, 14111.0] - 14107.0
[13673.0, 13673.0, 13673.0] - 13673.0
[13664.0, 13664.0, 13664.0] - 13664.0
[13595.0, 13595.0, 13595.0] - 13595.0
[14264.0, 14264.0, 14264.0] - 14264.0
[13680.0, 13680.0, 13681.0] - 13680.0
[13595.0, 13595.0, 13595.0] - 13595.0
[13558.0, 13558.0, 13558.0] - 13558.0
[13711.0, 13717.0, 13717.0] - 13711.0
[13642.0, 13645.0, 13645.0] - 13642.0
[13539.0, 13552.0, 13552.0] - 13539.0
[13581.0, 13581.0, 13581.0] - 13581.0
[13808.0, 13808.0, 13808.0] - 13808.0
[13880.0, 13882.0, 13884.0] - 13880.0
[13868.0, 13868.0, 13868.0] - 13868.0
[13816.0, 13821.0, 13821.0] - 13816.0
[13728.0, 13728.0, 13728.0] - 13728.0
[13603.0, 13603.0, 13639.0] - 13603.0
[13659.0, 13659.0, 13659.0] - 13659.0
