
### ./datasets/wi29.tsp ###
[28779.0, 28779.0, 28779.0] - 28779.0
[27750.0, 27750.0, 27750.0] - 27750.0
[29046.0, 29046.0, 29046.0] - 29046.0
[27603.0, 27603.0, 27603.0] - 27603.0
[28031.0, 28031.0, 28031.0] - 28031.0
[27750.0, 27750.0, 27750.0] - 27750.0
[27603.0, 27603.0, 27603.0] - 27603.0
[28044.0, 28044.0, 28044.0] - 28044.0
[28022.0, 28022.0, 28022.0] - 28022.0
[28044.0, 28044.0, 28044.0] - 28044.0
[27603.0, 27603.0, 27603.0] - 27603.0
[27603.0, 27603.0, 27603.0] - 27603.0
[28022.0, 28022.0, 28022.0] - 28022.0
[28376.0, 28376.0, 28376.0] - 28376.0
[28680.0, 28680.0, 28680.0] - 28680.0
[28191.0, 28191.0, 28191.0] - 28191.0
[28590.0, 28590.0, 28590.0] - 28590.0
[28231.0, 28231.0, 28231.0] - 28231.0
[27750.0, 27750.0, 27750.0] - 27750.0
[28022.0, 28022.0, 28022.0] - 28022.0
[27603.0, 27603.0, 27603.0] - 27603.0

### ./datasets/dj38.tsp ###
[6657.0, 6657.0, 6657.0] - 6657.0
[6660.0, 6660.0, 6660.0] - 6660.0
[6656.0, 6656.0, 6656.0] - 6656.0
[6656.0, 6656.0, 6656.0] - 6656.0
[6656.0, 6656.0, 6656.0] - 6656.0
[6656.0, 6656.0, 6656.0] - 6656.0
[6808.0, 6808.0, 6808.0] - 6808.0
[6656.0, 6656.0, 6656.0] - 6656.0
[6660.0, 6660.0, 6660.0] - 6660.0
[7790.0, 7790.0, 7790.0] - 7790.0
[6656.0, 6656.0, 6656.0] - 6656.0
[6660.0, 6660.0, 6660.0] - 6660.0
[6891.0, 6891.0, 6891.0] - 6891.0
[6657.0, 6657.0, 6657.0] - 6657.0
[6660.0, 6660.0, 6660.0] - 6660.0
[6824.0, 6824.0, 6824.0] - 6824.0
[6660.0, 6660.0, 6660.0] - 6660.0
[6656.0, 6656.0, 6656.0] - 6656.0
[6657.0, 6657.0, 6657.0] - 6657.0
[6660.0, 6660.0, 6660.0] - 6660.0
[6854.0, 6854.0, 6854.0] - 6854.0

### ./datasets/uy734.tsp ###
[361482.0, 361561.0, 361620.0] - 361482.0
[373509.0, 373586.0, 373750.0] - 373509.0
[379852.0, 380106.0, 380311.0] - 379852.0
[371400.0, 371685.0, 371704.0] - 371400.0
[380414.0, 380618.0, 380629.0] - 380414.0
[376589.0, 376601.0, 376601.0] - 376589.0
[380836.0, 380836.0, 381529.0] - 380836.0
[369886.0, 369983.0, 370050.0] - 369886.0
[364361.0, 364497.0, 364644.0] - 364361.0
[369281.0, 369541.0, 369709.0] - 369281.0
[373559.0, 374241.0, 374255.0] - 373559.0
[367323.0, 367338.0, 367365.0] - 367323.0
[363842.0, 363842.0, 363931.0] - 363842.0
[369390.0, 369516.0, 369552.0] - 369390.0
[372189.0, 372309.0, 372372.0] - 372189.0
[369742.0, 369763.0, 369917.0] - 369742.0
[369897.0, 370082.0, 370083.0] - 369897.0
[374414.0, 374599.0, 374688.0] - 374414.0
[366354.0, 366435.0, 367396.0] - 366354.0
[384452.0, 384507.0, 384540.0] - 384452.0
[374742.0, 374761.0, 374827.0] - 374742.0

### ./datasets/zi929.tsp ###
[490872.0, 490951.0, 490960.0] - 490872.0
[506728.0, 506739.0, 506780.0] - 506728.0
[502657.0, 503028.0, 503098.0] - 502657.0
[492888.0, 492889.0, 492934.0] - 492888.0
[499655.0, 499675.0, 499962.0] - 499655.0
[494857.0, 495222.0, 495222.0] - 494857.0
[499744.0, 500408.0, 500419.0] - 499744.0
[501204.0, 501206.0, 501209.0] - 501204.0
[500554.0, 500624.0, 500626.0] - 500554.0
[501266.0, 501507.0, 501639.0] - 501266.0
[509232.0, 509447.0, 509536.0] - 509232.0
[485797.0, 485810.0, 485890.0] - 485797.0
[497551.0, 497725.0, 497786.0] - 497551.0
[469754.0, 470682.0, 470725.0] - 469754.0
[513910.0, 514063.0, 514109.0] - 513910.0
[512865.0, 512915.0, 512924.0] - 512865.0
[475878.0, 475885.0, 476010.0] - 475878.0
[497505.0, 497535.0, 497613.0] - 497505.0
[505098.0, 505289.0, 505368.0] - 505098.0
[498553.0, 498700.0, 498707.0] - 498553.0
[490400.0, 490850.0, 490943.0] - 490400.0

### ./datasets/lu980.tsp ###
[77408.0, 77414.0, 77415.0] - 77408.0
[78486.0, 78504.0, 78504.0] - 78486.0
[76720.0, 76748.0, 76766.0] - 76720.0
[78829.0, 78839.0, 78852.0] - 78829.0
[78174.0, 78206.0, 78215.0] - 78174.0
[80554.0, 80579.0, 80627.0] - 80554.0
[79432.0, 79557.0, 79562.0] - 79432.0
[77212.0, 77240.0, 77277.0] - 77212.0
[77839.0, 77871.0, 77871.0] - 77839.0
[79041.0, 79095.0, 79105.0] - 79041.0
[78822.0, 78840.0, 78911.0] - 78822.0
[76437.0, 76533.0, 76536.0] - 76437.0
[78494.0, 78533.0, 78598.0] - 78494.0
[77596.0, 77597.0, 77628.0] - 77596.0
[78238.0, 78248.0, 78271.0] - 78238.0
[79028.0, 79028.0, 79042.0] - 79028.0
[78640.0, 78685.0, 78702.0] - 78640.0
[80783.0, 80786.0, 80792.0] - 80783.0
[78448.0, 78504.0, 78528.0] - 78448.0
[81496.0, 81497.0, 81528.0] - 81496.0
[77805.0, 77817.0, 77825.0] - 77805.0
