Poblacion Mejor Vecino
[I 2023-11-26 18:31:43,799] Trial 99 finished with value: 12017.0 and parameters: {'cant_luciernagas': 4, 'coef_absorcion': 0.056455096026511, 'cant_nuevas_luciernagas': 5}. Best is trial 56 with value: 11089.0.
Mejores parámetros: {'cant_luciernagas': 5, 'coef_absorcion': 0.1009175459129528, 'cant_nuevas_luciernagas': 4}

### ./datasets/wi29.tsp ###
[28191.0, 28191.0, 28191.0, 28191.0, 28191.0] - 28191.0
[27603.0, 27603.0, 27603.0, 27603.0, 27603.0] - 27603.0
[28523.0, 28523.0, 28523.0, 28523.0, 28523.0] - 28523.0
[28191.0, 28191.0, 28191.0, 28191.0, 28191.0] - 28191.0
[28022.0, 28022.0, 28022.0, 28022.0, 28022.0] - 28022.0
[28084.0, 28084.0, 28084.0, 28084.0, 28084.0] - 28084.0
[28084.0, 28084.0, 28084.0, 28084.0, 28084.0] - 28084.0
[28191.0, 28191.0, 28191.0, 28191.0, 28191.0] - 28191.0
[28472.0, 28472.0, 28472.0, 28472.0, 28472.0] - 28472.0
[28044.0, 28044.0, 28044.0, 28044.0, 28044.0] - 28044.0
[28779.0, 28779.0, 28779.0, 28779.0, 28779.0] - 28779.0
[28779.0, 28779.0, 28779.0, 28779.0, 28779.0] - 28779.0
[28779.0, 28779.0, 28779.0, 28779.0, 28779.0] - 28779.0
[28680.0, 28680.0, 28680.0, 28680.0, 28680.0] - 28680.0
[28779.0, 28779.0, 28779.0, 28779.0, 28779.0] - 28779.0
[28044.0, 28044.0, 28044.0, 28044.0, 28044.0] - 28044.0
[28779.0, 28779.0, 28779.0, 28779.0, 28779.0] - 28779.0
[28680.0, 28680.0, 28680.0, 28680.0, 28680.0] - 28680.0
[28472.0, 28472.0, 28472.0, 28472.0, 28472.0] - 28472.0
[29260.0, 29260.0, 29260.0, 29260.0, 29260.0] - 29260.0
[27750.0, 27750.0, 27750.0, 27750.0, 27750.0] - 27750.0

### ./datasets/dj38.tsp ###
[6656.0, 6656.0, 6656.0, 6656.0, 6656.0] - 6656.0
[6656.0, 6656.0, 6656.0, 6656.0, 6656.0] - 6656.0
[6656.0, 6656.0, 6656.0, 6656.0, 6656.0] - 6656.0
[6656.0, 6656.0, 6656.0, 6656.0, 6656.0] - 6656.0
[6660.0, 6660.0, 6660.0, 6660.0, 6660.0] - 6660.0
[6660.0, 6660.0, 6660.0, 6660.0, 6660.0] - 6660.0
[6656.0, 6656.0, 6656.0, 6656.0, 6656.0] - 6656.0
[7075.0, 7075.0, 7075.0, 7075.0, 7075.0] - 7075.0
[6660.0, 6660.0, 6660.0, 6660.0, 6660.0] - 6660.0
[6656.0, 6656.0, 6656.0, 6656.0, 6656.0] - 6656.0
[7156.0, 7156.0, 7156.0, 7156.0, 7156.0] - 7156.0
[6656.0, 6656.0, 6656.0, 6656.0, 6656.0] - 6656.0
[6660.0, 6660.0, 6660.0, 6660.0, 6660.0] - 6660.0
[6660.0, 6660.0, 6660.0, 6660.0, 6660.0] - 6660.0
[6656.0, 6656.0, 6656.0, 6656.0, 6656.0] - 6656.0
[6656.0, 6656.0, 6656.0, 6656.0, 6656.0] - 6656.0
[6660.0, 6660.0, 6660.0, 6660.0, 6660.0] - 6660.0
[6656.0, 6656.0, 6656.0, 6656.0, 6656.0] - 6656.0
[6656.0, 6656.0, 6656.0, 6656.0, 6656.0] - 6656.0
[6660.0, 6660.0, 6660.0, 6660.0, 6660.0] - 6660.0
[6656.0, 6656.0, 6656.0, 6656.0, 6656.0] - 6656.0

### ./datasets/uy734.tsp ###
[95872.0, 95900.0, 95902.0, 95910.0, 95910.0] - 95872.0
[96667.0, 96726.0, 96734.0, 96734.0, 96734.0] - 96667.0
[98121.0, 98247.0, 98282.0, 98337.0, 98337.0] - 98121.0
[95591.0, 95608.0, 95646.0, 95654.0, 95656.0] - 95591.0
[98713.0, 98788.0, 98952.0, 98995.0, 99039.0] - 98713.0
[96434.0, 96460.0, 96471.0, 96485.0, 96514.0] - 96434.0
[96527.0, 96564.0, 96567.0, 96567.0, 96597.0] - 96527.0
[96249.0, 96252.0, 96252.0, 96266.0, 96266.0] - 96249.0
[96992.0, 97046.0, 97061.0, 97097.0, 97097.0] - 96992.0
[97533.0, 97707.0, 97713.0, 97713.0, 97713.0] - 97533.0
[95932.0, 95937.0, 95983.0, 96000.0, 96006.0] - 95932.0
[95775.0, 95809.0, 95876.0, 95907.0, 95941.0] - 95775.0
[95536.0, 95536.0, 95570.0, 95570.0, 95574.0] - 95536.0
[96021.0, 96042.0, 96042.0, 96042.0, 96042.0] - 96021.0
[98482.0, 98482.0, 98482.0, 98497.0, 98497.0] - 98482.0
[97263.0, 97287.0, 97287.0, 97287.0, 97287.0] - 97263.0
[95672.0, 95789.0, 95864.0, 95864.0, 95866.0] - 95672.0
[94852.0, 94880.0, 94880.0, 94880.0, 94897.0] - 94852.0
[96122.0, 96173.0, 96173.0, 96188.0, 96201.0] - 96122.0
[97491.0, 97560.0, 97569.0, 97583.0, 97600.0] - 97491.0
[97133.0, 97133.0, 97236.0, 97236.0, 97236.0] - 97133.0

### ./datasets/zi929.tsp ###
[111851.0, 111913.0, 111927.0, 111977.0, 111977.0] - 111851.0
[113397.0, 113508.0, 113622.0, 113754.0, 113773.0] - 113397.0
[112820.0, 112868.0, 112888.0, 112888.0, 112893.0] - 112820.0
[113862.0, 113942.0, 113949.0, 113949.0, 113949.0] - 113862.0
[114136.0, 114144.0, 114144.0, 114145.0, 114145.0] - 114136.0
[111055.0, 111060.0, 111060.0, 111064.0, 111068.0] - 111055.0
[113533.0, 113533.0, 113541.0, 113541.0, 113545.0] - 113533.0
[113489.0, 113500.0, 113500.0, 113535.0, 113535.0] - 113489.0
[113779.0, 113779.0, 113779.0, 113780.0, 113781.0] - 113779.0
[114248.0, 114280.0, 114308.0, 114308.0, 114308.0] - 114248.0
[112865.0, 112890.0, 112901.0, 112918.0, 112918.0] - 112865.0
[109779.0, 109821.0, 109838.0, 109847.0, 109847.0] - 109779.0
[113702.0, 113774.0, 113778.0, 113827.0, 113828.0] - 113702.0
[114069.0, 114161.0, 114273.0, 114279.0, 114293.0] - 114069.0
[110865.0, 110865.0, 110879.0, 110879.0, 110890.0] - 110865.0
[112212.0, 112213.0, 112213.0, 112213.0, 112213.0] - 112212.0
[112287.0, 112297.0, 112297.0, 112297.0, 112297.0] - 112287.0
[115348.0, 115353.0, 115353.0, 115353.0, 115353.0] - 115348.0
[111710.0, 111710.0, 111714.0, 111722.0, 111722.0] - 111710.0
[116755.0, 116799.0, 116816.0, 116830.0, 116830.0] - 116755.0
[110283.0, 110284.0, 110284.0, 110291.0, 110291.0] - 110283.0

### ./datasets/lu980.tsp ###
[13447.0, 13447.0, 13447.0, 13447.0, 13447.0] - 13447.0
[13671.0, 13676.0, 13678.0, 13678.0, 13678.0] - 13671.0
[13910.0, 13917.0, 13917.0, 13917.0, 13917.0] - 13910.0
[13678.0, 13678.0, 13678.0, 13678.0, 13679.0] - 13678.0
[13577.0, 13579.0, 13579.0, 13579.0, 13579.0] - 13577.0
[13476.0, 13476.0, 13476.0, 13481.0, 13481.0] - 13476.0
[14003.0, 14004.0, 14004.0, 14004.0, 14004.0] - 14003.0
[13638.0, 13666.0, 13669.0, 13677.0, 13684.0] - 13638.0
[13680.0, 13690.0, 13690.0, 13690.0, 13690.0] - 13680.0
[13623.0, 13623.0, 13623.0, 13623.0, 13623.0] - 13623.0
[13641.0, 13641.0, 13645.0, 13648.0, 13648.0] - 13641.0
[13748.0, 13752.0, 13752.0, 13752.0, 13752.0] - 13748.0
[13631.0, 13639.0, 13639.0, 13639.0, 13639.0] - 13631.0
[13629.0, 13629.0, 13629.0, 13629.0, 13629.0] - 13629.0
[13580.0, 13580.0, 13599.0, 13600.0, 13600.0] - 13580.0
[13916.0, 13920.0, 13920.0, 13920.0, 13920.0] - 13916.0
[13663.0, 13669.0, 13670.0, 13670.0, 13677.0] - 13663.0
[13715.0, 13715.0, 13715.0, 13723.0, 13723.0] - 13715.0
[13714.0, 13728.0, 13728.0, 13729.0, 13729.0] - 13714.0
[13490.0, 13496.0, 13496.0, 13501.0, 13505.0] - 13490.0
[13563.0, 13564.0, 13565.0, 13565.0, 13573.0] - 13563.0
