### ./datasets/uy734.tsp ###
[83091.0, 82185.0, 83053.0, 82531.0, 82199.0, 82947.0, 82609.0, 84360.0, 86999.0, 82785.0, 85218.0, 83576.0, 83325.0, 84424.0, 82616.0, 82797.0, 86010.0, 82158.0, 84034.0, 83046.0, 85676.0]

### ./datasets/zi929.tsp ###
[83091.0, 82185.0, 83053.0, 82531.0, 82199.0, 82947.0, 82609.0, 84360.0, 86999.0, 82785.0, 85218.0, 83576.0, 83325.0, 84424.0, 82616.0, 82797.0, 86010.0, 82158.0, 84034.0, 83046.0, 85676.0, 101212.0, 100391.0, 106693.0, 101809.0, 99440.0, 105788.0, 102694.0, 100554.0, 102925.0, 100686.0, 103373.0, 102616.0, 104565.0, 101563.0, 100052.0, 101341.0, 100336.0, 103557.0, 103120.0, 99005.0, 103734.0]

### ./datasets/lu980.tsp ###
[83091.0, 82185.0, 83053.0, 82531.0, 82199.0, 82947.0, 82609.0, 84360.0, 86999.0, 82785.0, 85218.0, 83576.0, 83325.0, 84424.0, 82616.0, 82797.0, 86010.0, 82158.0, 84034.0, 83046.0, 85676.0, 101212.0, 100391.0, 106693.0, 101809.0, 99440.0, 105788.0, 102694.0, 100554.0, 102925.0, 100686.0, 103373.0, 102616.0, 104565.0, 101563.0, 100052.0, 101341.0, 100336.0, 103557.0, 103120.0, 99005.0, 103734.0, 11870.0, 12203.0, 12859.0, 12443.0, 12162.0, 12425.0, 12257.0, 12679.0, 11938.0, 12217.0, 12769.0, 12102.0, 12287.0, 12525.0, 12687.0, 11951.0, 12550.0, 12450.0, 12348.0, 12085.0, 12202.0]

### ./datasets/wi29.tsp ###
[27750.0, 27603.0, 27603.0, 27603.0, 28779.0, 27750.0, 27750.0, 27750.0, 30176.0, 30376.0, 28292.0, 27603.0, 29942.0, 27750.0, 27603.0, 27603.0, 30408.0, 27603.0, 27603.0, 27750.0, 27750.0]

### ./datasets/dj38.tsp ###
[27750.0, 27603.0, 27603.0, 27603.0, 28779.0, 27750.0, 27750.0, 27750.0, 30176.0, 30376.0, 28292.0, 27603.0, 29942.0, 27750.0, 27603.0, 27603.0, 30408.0, 27603.0, 27603.0, 27750.0, 27750.0, 6691.0, 6808.0, 6808.0, 6783.0, 6908.0, 6808.0, 6808.0, 6783.0, 6808.0, 6766.0, 6808.0, 6808.0, 6921.0, 6808.0, 6808.0, 6884.0, 6808.0, 6808.0, 7075.0, 6656.0, 6808.0]

### ./datasets/dj38.tsp ###
[6691.0, 6808.0, 6808.0, 6783.0, 6908.0, 6808.0, 6808.0, 6783.0, 6808.0, 6766.0, 6808.0, 6808.0, 6921.0, 6808.0, 6808.0, 6884.0, 6808.0, 6808.0, 7075.0, 6656.0, 6808.0]

